50 2
0.307349 1.721273
0.434255 1.824580
0.248395 1.659614
0.882560 1.993080
0.816112 1.982947
0.240383 1.650371
0.069623 1.366604
0.200585 1.600780
0.144235 1.517365
0.955191 1.998996
0.691714 1.951294
0.073292 1.375782
0.335902 1.747645
0.736452 1.964646
0.607732 1.919851
0.319901 1.733120
0.785237 1.976666
0.904209 1.995401
0.128392 1.490203
0.818244 1.983344
0.369119 1.775880
0.495913 1.863653
0.667946 1.943260
0.566460 1.901134
0.437268 1.826640
0.676937 1.946378
0.697902 1.953277
0.494545 1.862853
0.050633 1.314169
0.978356 1.999766
0.747898 1.967701
0.357981 1.766689
0.412611 1.809305
0.996294 1.999993
0.240542 1.650556
0.228724 1.636501
0.236677 1.646017
0.310164 1.723966
0.429309 1.821165
0.380912 1.785322
0.265356 1.678452
0.121023 1.476865
0.454204 1.837918
0.601257 1.917063
0.857475 1.989791
0.061936 1.346461
0.921158 1.996887
0.642712 1.933994
0.966144 1.999427
0.049550 1.310876
