0.595329 0.172627 
0.717509 0.096473 
0.784766 0.059519 
0.057774 0.920667 
0.041799 0.936031 
0.241135 0.585073 
0.766363 0.060125 
0.341965 0.444081 
0.924187 0.022329 
0.513968 0.241709 
0.330726 0.448573 
0.443710 0.313906 
0.504932 0.247179 
0.155505 0.713187 
0.330236 0.449836 
0.155458 0.713251 
0.349106 0.427313 
0.470732 0.291868 
0.349611 0.423009 
0.381457 0.382601 
0.128760 0.766469 
0.410233 0.347920 
0.349593 0.423077 
0.111887 0.794609 
0.349607 0.423012 
0.155458 0.713252 
0.973207 0.000719 
0.154283 0.715240 
0.155458 0.713252 
0.154225 0.715337 
0.381466 0.382585 
0.381654 0.382354 
0.381410 0.382655 
0.380553 0.383735 
0.155458 0.713252 
0.155458 0.713251 
0.155458 0.713251 
0.154280 0.715243 
0.381630 0.382382 
0.175400 0.682365 
0.131989 0.756560 
0.155458 0.713252 
0.349606 0.423012 
0.314670 0.470192 
0.423148 0.334102 
0.154292 0.715222 
0.380621 0.383637 
0.079349 0.884556 
0.082010 0.860175 
0.380537 0.383735 
0.345562 0.431015 
0.343334 0.431330 
0.399233 0.367374 
0.464113 0.292241 
0.459416 0.292521 
0.931766 0.005298 
0.380594 0.383670 
0.548325 0.205687 
0.502900 0.249845 
0.551629 0.202312 
0.342972 0.431707 
0.414475 0.342945 
0.098808 0.838341 
0.379194 0.400523 
0.154284 0.715237 
0.155458 0.713252 
0.477052 0.274734 
0.429926 0.325198 
0.370374 0.406749 
0.343236 0.431344 
0.267383 0.546784 
0.318846 0.463981 
0.257388 0.554357 
0.429736 0.325281 
0.307996 0.479085 
0.281272 0.521686 
0.244450 0.573283 
0.154285 0.715235 
0.323588 0.457798 
0.155458 0.713252 
0.267559 0.538516 
0.180915 0.676084 
0.424620 0.331107 
0.210614 0.623425 
0.307805 0.479177 
0.525783 0.225576 
0.424534 0.331200 
0.308303 0.478777 
0.429632 0.325350 
0.318825 0.464003 
0.357125 0.414182 
0.321518 0.460340 
0.321515 0.460342 
0.311425 0.474660 
0.358981 0.411014 
0.318640 0.464564 
0.424633 0.331050 
0.272981 0.528599 
0.311880 0.474470 
0.317570 0.465926 
0.424639 0.331041 
0.318849 0.463971 
0.218531 0.611046 
0.429086 0.325964 
0.424638 0.331041 
