[0.722526 0.930714 ] -> [0.722526 0.930714 ]
[0.336094 0.628508 ] -> [0.336094 0.628508 ]
[0.695812 0.292140 ] -> [0.695812 0.292140 ]
[0.337151 0.570306 ] -> [0.337151 0.570306 ]
[0.317662 0.601745 ] -> [0.317662 0.601745 ]
[0.546192 0.439291 ] -> [0.546192 0.439291 ]
[0.595329 0.172627 ] -> [0.595329 0.172627 ]
[0.720154 0.939855 ] -> [0.720154 0.939855 ]
[0.796231 0.188639 ] -> [0.796231 0.188639 ]
[0.949060 0.228149 ] -> [0.949060 0.228149 ]
[0.737430 0.671585 ] -> [0.737430 0.671585 ]
[0.158110 0.995905 ] -> [0.158110 0.995905 ]
[0.507524 0.473754 ] -> [0.507524 0.473754 ]
[0.385958 0.844675 ] -> [0.385958 0.844675 ]
[0.414719 0.580636 ] -> [0.414719 0.580636 ]
[0.971340 0.010049 ] -> [0.971340 0.010049 ]
[0.753263 0.691494 ] -> [0.753263 0.691494 ]
[0.949904 0.549495 ] -> [0.949904 0.549495 ]
[0.880132 0.967781 ] -> [0.880132 0.967781 ]
[0.718726 0.829192 ] -> [0.718726 0.829192 ]
[0.500777 0.354793 ] -> [0.500777 0.354793 ]
[0.529680 0.800870 ] -> [0.529680 0.800870 ]
[0.570176 0.687790 ] -> [0.570176 0.687790 ]
[0.796776 0.077700 ] -> [0.796776 0.077700 ]
[0.922375 0.205605 ] -> [0.922375 0.205605 ]
[0.615433 0.266836 ] -> [0.615433 0.266836 ]
[0.567327 0.649878 ] -> [0.567327 0.649878 ]
[0.798884 0.982047 ] -> [0.798884 0.982047 ]
[0.230514 0.770223 ] -> [0.230514 0.770223 ]
[0.992095 0.983777 ] -> [0.992095 0.983777 ]
[0.461717 0.941999 ] -> [0.461717 0.941999 ]
[0.533272 0.341849 ] -> [0.533272 0.341849 ]
[0.909780 0.251998 ] -> [0.909780 0.251998 ]
[0.708155 0.671818 ] -> [0.708155 0.671818 ]
[0.925625 0.269464 ] -> [0.925625 0.269464 ]
[0.297590 0.860102 ] -> [0.297590 0.860102 ]
[0.717509 0.096473 ] -> [0.717509 0.096473 ]
[0.842148 0.948023 ] -> [0.842148 0.948023 ]
[0.866697 0.834243 ] -> [0.866697 0.834243 ]
[0.931800 0.328413 ] -> [0.931800 0.328413 ]
[0.776243 0.465072 ] -> [0.776243 0.465072 ]
[0.670262 0.686023 ] -> [0.670262 0.686023 ]
[0.717070 0.841303 ] -> [0.717070 0.841303 ]
[0.791733 0.425225 ] -> [0.791733 0.425225 ]
[0.513121 0.252236 ] -> [0.513121 0.252236 ]
[0.663059 0.985809 ] -> [0.663059 0.985809 ]
[0.282916 0.588685 ] -> [0.282916 0.588685 ]
[0.675854 0.707471 ] -> [0.675854 0.707471 ]
[0.422050 0.968629 ] -> [0.422050 0.968629 ]
[0.775103 0.719639 ] -> [0.775103 0.719639 ]
[0.158018 0.999857 ] -> [0.158018 0.999857 ]
[0.218641 0.806785 ] -> [0.218641 0.806785 ]
[0.132597 0.898150 ] -> [0.132597 0.898150 ]
[0.785010 0.132771 ] -> [0.785010 0.132771 ]
[0.293831 0.593242 ] -> [0.293831 0.593242 ]
[0.326474 0.677405 ] -> [0.326474 0.677405 ]
[0.529349 0.259136 ] -> [0.529349 0.259136 ]
[0.104419 0.951304 ] -> [0.104419 0.951304 ]
[0.991709 0.034272 ] -> [0.991709 0.034272 ]
[0.369036 0.645155 ] -> [0.369036 0.645155 ]
[0.976458 0.003853 ] -> [0.976458 0.003853 ]
[0.570456 0.211189 ] -> [0.570456 0.211189 ]
[0.996469 0.028837 ] -> [0.996469 0.028837 ]
[0.461774 0.339687 ] -> [0.461774 0.339687 ]
[0.510825 0.257003 ] -> [0.510825 0.257003 ]
[0.990771 0.006905 ] -> [0.990771 0.006905 ]
[0.298639 0.722783 ] -> [0.298639 0.722783 ]
[0.446487 0.330263 ] -> [0.446487 0.330263 ]
[0.522453 0.274050 ] -> [0.522453 0.274050 ]
[0.434640 0.489298 ] -> [0.434640 0.489298 ]
[0.400092 0.630250 ] -> [0.400092 0.630250 ]
[0.994373 0.012605 ] -> [0.994373 0.012605 ]
[0.557628 0.266015 ] -> [0.557628 0.266015 ]
[0.094763 0.869974 ] -> [0.094763 0.869974 ]
[0.086126 0.969406 ] -> [0.086126 0.969406 ]
[0.169041 0.845426 ] -> [0.169041 0.845426 ]
[0.784766 0.059519 ] -> [0.784766 0.059519 ]
[0.354737 0.554811 ] -> [0.354737 0.554811 ]
[0.401816 0.496903 ] -> [0.401816 0.496903 ]
[0.373967 0.494392 ] -> [0.373967 0.494392 ]
[0.057774 0.920667 ] -> [0.057774 0.920667 ]
[0.063316 0.948372 ] -> [0.063316 0.948372 ]
[0.261369 0.721210 ] -> [0.261369 0.721210 ]
[0.041799 0.936031 ] -> [0.041799 0.936031 ]
[0.576747 0.255663 ] -> [0.576747 0.255663 ]
[0.230793 0.785297 ] -> [0.230793 0.785297 ]
[0.241135 0.585073 ] -> [0.241135 0.585073 ]
[0.766363 0.060125 ] -> [0.766363 0.060125 ]
[0.386677 0.405123 ] -> [0.386677 0.405123 ]
[0.346827 0.707367 ] -> [0.346827 0.707367 ]
[0.997309 0.017184 ] -> [0.997309 0.017184 ]
[0.556018 0.365100 ] -> [0.556018 0.365100 ]
[0.568336 0.274142 ] -> [0.568336 0.274142 ]
[0.645714 0.344887 ] -> [0.645714 0.344887 ]
[0.956315 0.076770 ] -> [0.956315 0.076770 ]
[0.532084 0.257788 ] -> [0.532084 0.257788 ]
[0.461646 0.317571 ] -> [0.461646 0.317571 ]
[0.271464 0.707776 ] -> [0.271464 0.707776 ]
[0.272751 0.634330 ] -> [0.272751 0.634330 ]
[0.930989 0.040378 ] -> [0.930989 0.040378 ]
[0.509243 0.252903 ] -> [0.509243 0.252903 ]
[0.987636 0.063194 ] -> [0.987636 0.063194 ]
[0.998377 0.071762 ] -> [0.998377 0.071762 ]
[0.545395 0.327217 ] -> [0.545395 0.327217 ]
[0.536208 0.351088 ] -> [0.536208 0.351088 ]
[0.341965 0.444081 ] -> [0.341965 0.444081 ]
[0.315852 0.596290 ] -> [0.315852 0.596290 ]
[0.995429 0.015324 ] -> [0.995429 0.015324 ]
[0.554067 0.241696 ] -> [0.554067 0.241696 ]
[0.924187 0.022329 ] -> [0.924187 0.022329 ]
[0.384200 0.387507 ] -> [0.384200 0.387507 ]
[0.291769 0.892967 ] -> [0.291769 0.892967 ]
[0.987330 0.087433 ] -> [0.987330 0.087433 ]
[0.461042 0.331600 ] -> [0.461042 0.331600 ]
[0.513968 0.241709 ] -> [0.513968 0.241709 ]
[0.989335 0.018607 ] -> [0.989335 0.018607 ]
[0.250879 0.805901 ] -> [0.250879 0.805901 ]
[0.995567 0.012938 ] -> [0.995567 0.012938 ]
[0.330726 0.448573 ] -> [0.330726 0.448573 ]
[0.413615 0.643013 ] -> [0.413615 0.643013 ]
[0.974515 0.002810 ] -> [0.974515 0.002810 ]
[0.156305 0.715843 ] -> [0.156305 0.715843 ]
[0.154541 0.716304 ] -> [0.154541 0.716304 ]
[0.386157 0.587795 ] -> [0.386157 0.587795 ]
[0.298689 0.725969 ] -> [0.298689 0.725969 ]
[0.999771 0.074611 ] -> [0.999771 0.074611 ]
[0.973216 0.000745 ] -> [0.973216 0.000745 ]
[0.523017 0.277202 ] -> [0.523017 0.277202 ]
[0.265374 0.575338 ] -> [0.265374 0.575338 ]
[0.998993 0.087783 ] -> [0.998993 0.087783 ]
[0.184029 0.850301 ] -> [0.184029 0.850301 ]
[0.612403 0.376159 ] -> [0.612403 0.376159 ]
[0.340967 0.529682 ] -> [0.340967 0.529682 ]
[0.989237 0.093704 ] -> [0.989237 0.093704 ]
[0.515224 0.422029 ] -> [0.515224 0.422029 ]
[0.994800 0.097591 ] -> [0.994800 0.097591 ]
[0.154270 0.779974 ] -> [0.154270 0.779974 ]
[0.174164 0.791593 ] -> [0.174164 0.791593 ]
[0.988213 0.041277 ] -> [0.988213 0.041277 ]
[0.443710 0.313906 ] -> [0.443710 0.313906 ]
[0.970885 0.115990 ] -> [0.970885 0.115990 ]
[0.996467 0.086835 ] -> [0.996467 0.086835 ]
[0.140547 0.765869 ] -> [0.140547 0.765869 ]
[0.263989 0.557711 ] -> [0.263989 0.557711 ]
[0.504932 0.247179 ] -> [0.504932 0.247179 ]
[0.998884 0.085773 ] -> [0.998884 0.085773 ]
[0.202218 0.916048 ] -> [0.202218 0.916048 ]
[0.998789 0.075806 ] -> [0.998789 0.075806 ]
[0.206677 0.761560 ] -> [0.206677 0.761560 ]
[0.995275 0.129025 ] -> [0.995275 0.129025 ]
[0.310769 0.500449 ] -> [0.310769 0.500449 ]
[0.591886 0.339903 ] -> [0.591886 0.339903 ]
[0.134688 0.765456 ] -> [0.134688 0.765456 ]
[0.381969 0.383324 ] -> [0.381969 0.383324 ]
[0.368780 0.441092 ] -> [0.368780 0.441092 ]
[0.154303 0.715613 ] -> [0.154303 0.715613 ]
[0.155505 0.713187 ] -> [0.155505 0.713187 ]
[0.242877 0.627019 ] -> [0.242877 0.627019 ]
[0.398049 0.442266 ] -> [0.398049 0.442266 ]
[0.155458 0.713251 ] -> [0.155458 0.713251 ]
[0.455431 0.383678 ] -> [0.455431 0.383678 ]
[0.352018 0.451055 ] -> [0.352018 0.451055 ]
[0.194651 0.804549 ] -> [0.194651 0.804549 ]
[0.154295 0.715247 ] -> [0.154295 0.715247 ]
[0.464940 0.421494 ] -> [0.464940 0.421494 ]
[0.431371 0.373624 ] -> [0.431371 0.373624 ]
[0.448681 0.437083 ] -> [0.448681 0.437083 ]
[0.422917 0.483071 ] -> [0.422917 0.483071 ]
[0.426255 0.406882 ] -> [0.426255 0.406882 ]
[0.171609 0.721457 ] -> [0.171609 0.721457 ]
[0.353520 0.432489 ] -> [0.353520 0.432489 ]
[0.431337 0.407063 ] -> [0.431337 0.407063 ]
[0.237281 0.675152 ] -> [0.237281 0.675152 ]
[0.222528 0.775176 ] -> [0.222528 0.775176 ]
[0.484111 0.410648 ] -> [0.484111 0.410648 ]
[0.506404 0.384818 ] -> [0.506404 0.384818 ]
[0.256767 0.762443 ] -> [0.256767 0.762443 ]
[0.330236 0.449836 ] -> [0.330236 0.449836 ]
[0.155458 0.713251 ] -> [0.155458 0.713251 ]
[0.117480 0.806968 ] -> [0.117480 0.806968 ]
[0.155458 0.713251 ] -> [0.155458 0.713251 ]
[0.155458 0.713252 ] -> [0.155458 0.713252 ]
[0.170930 0.767842 ] -> [0.170930 0.767842 ]
[0.380624 0.383677 ] -> [0.380624 0.383677 ]
[0.260291 0.813190 ] -> [0.260291 0.813190 ]
[0.378076 0.449435 ] -> [0.378076 0.449435 ]
[0.532187 0.373017 ] -> [0.532187 0.373017 ]
[0.155458 0.713251 ] -> [0.155458 0.713251 ]
[0.156661 0.725554 ] -> [0.156661 0.725554 ]
[0.384132 0.445936 ] -> [0.384132 0.445936 ]
[0.481417 0.452277 ] -> [0.481417 0.452277 ]
[0.167562 0.786652 ] -> [0.167562 0.786652 ]
[0.229044 0.802061 ] -> [0.229044 0.802061 ]
[0.155458 0.713251 ] -> [0.155458 0.713251 ]
[0.492917 0.341467 ] -> [0.492917 0.341467 ]
[0.373318 0.464701 ] -> [0.373318 0.464701 ]
[0.478050 0.374180 ] -> [0.478050 0.374180 ]
[0.131867 0.798449 ] -> [0.131867 0.798449 ]
[0.511691 0.447483 ] -> [0.511691 0.447483 ]
[0.185139 0.765763 ] -> [0.185139 0.765763 ]
[0.191298 0.755513 ] -> [0.191298 0.755513 ]
[0.234081 0.709943 ] -> [0.234081 0.709943 ]
[0.405577 0.410690 ] -> [0.405577 0.410690 ]
[0.381482 0.382632 ] -> [0.381482 0.382632 ]
[0.154227 0.715338 ] -> [0.154227 0.715338 ]
[0.381659 0.382360 ] -> [0.381659 0.382360 ]
[0.349687 0.423115 ] -> [0.349687 0.423115 ]
[0.349614 0.423010 ] -> [0.349614 0.423010 ]
[0.349106 0.427313 ] -> [0.349106 0.427313 ]
[0.200809 0.694460 ] -> [0.200809 0.694460 ]
[0.973216 0.000722 ] -> [0.973216 0.000722 ]
[0.440305 0.436925 ] -> [0.440305 0.436925 ]
[0.470732 0.291868 ] -> [0.470732 0.291868 ]
[0.405665 0.410539 ] -> [0.405665 0.410539 ]
[0.349611 0.423009 ] -> [0.349611 0.423009 ]
[0.973239 0.000726 ] -> [0.973239 0.000726 ]
[0.381457 0.382601 ] -> [0.381457 0.382601 ]
[0.346629 0.437068 ] -> [0.346629 0.437068 ]
[0.554888 0.375686 ] -> [0.554888 0.375686 ]
[0.437701 0.432571 ] -> [0.437701 0.432571 ]
[0.973248 0.000720 ] -> [0.973248 0.000720 ]
[0.211652 0.657691 ] -> [0.211652 0.657691 ]
[0.155458 0.713252 ] -> [0.155458 0.713252 ]
[0.154289 0.715238 ] -> [0.154289 0.715238 ]
[0.349607 0.423013 ] -> [0.349607 0.423013 ]
[0.128760 0.766469 ] -> [0.128760 0.766469 ]
[0.478590 0.292268 ] -> [0.478590 0.292268 ]
[0.154285 0.715244 ] -> [0.154285 0.715244 ]
[0.381471 0.382612 ] -> [0.381471 0.382612 ]
[0.410233 0.347920 ] -> [0.410233 0.347920 ]
[0.939049 0.085279 ] -> [0.939049 0.085279 ]
[0.429212 0.469228 ] -> [0.429212 0.469228 ]
[0.349593 0.423077 ] -> [0.349593 0.423077 ]
[0.381421 0.382667 ] -> [0.381421 0.382667 ]
[0.455802 0.511844 ] -> [0.455802 0.511844 ]
[0.325569 0.507435 ] -> [0.325569 0.507435 ]
[0.111887 0.794609 ] -> [0.111887 0.794609 ]
[0.466557 0.527645 ] -> [0.466557 0.527645 ]
[0.405331 0.394712 ] -> [0.405331 0.394712 ]
[0.195158 0.694884 ] -> [0.195158 0.694884 ]
[0.261098 0.704160 ] -> [0.261098 0.704160 ]
[0.420363 0.356955 ] -> [0.420363 0.356955 ]
[0.442876 0.401461 ] -> [0.442876 0.401461 ]
[0.952251 0.016520 ] -> [0.952251 0.016520 ]
[0.943135 0.008256 ] -> [0.943135 0.008256 ]
[0.436594 0.446777 ] -> [0.436594 0.446777 ]
[0.954963 0.067008 ] -> [0.954963 0.067008 ]
[0.211149 0.705080 ] -> [0.211149 0.705080 ]
[0.428950 0.333486 ] -> [0.428950 0.333486 ]
[0.349607 0.423012 ] -> [0.349607 0.423012 ]
[0.155458 0.713252 ] -> [0.155458 0.713252 ]
[0.507525 0.494994 ] -> [0.507525 0.494994 ]
[0.973207 0.000719 ] -> [0.973207 0.000719 ]
[0.986998 0.014583 ] -> [0.986998 0.014583 ]
[0.154283 0.715240 ] -> [0.154283 0.715240 ]
[0.155458 0.713252 ] -> [0.155458 0.713252 ]
[0.154225 0.715337 ] -> [0.154225 0.715337 ]
[0.972962 0.045270 ] -> [0.972962 0.045270 ]
[0.381466 0.382585 ] -> [0.381466 0.382585 ]
[0.381654 0.382354 ] -> [0.381654 0.382354 ]
[0.155458 0.713252 ] -> [0.155458 0.713252 ]
[0.934949 0.015916 ] -> [0.934949 0.015916 ]
[0.458924 0.402395 ] -> [0.458924 0.402395 ]
[0.197597 0.721521 ] -> [0.197597 0.721521 ]
[0.390276 0.392466 ] -> [0.390276 0.392466 ]
[0.155458 0.713251 ] -> [0.155458 0.713251 ]
[0.381410 0.382655 ] -> [0.381410 0.382655 ]
[0.937119 0.007899 ] -> [0.937119 0.007899 ]
[0.154281 0.715243 ] -> [0.154281 0.715243 ]
[0.224571 0.655347 ] -> [0.224571 0.655347 ]
[0.380553 0.383735 ] -> [0.380553 0.383735 ]
[0.932306 0.006033 ] -> [0.932306 0.006033 ]
[0.213624 0.814488 ] -> [0.213624 0.814488 ]
[0.374614 0.478450 ] -> [0.374614 0.478450 ]
[0.528010 0.283723 ] -> [0.528010 0.283723 ]
[0.155458 0.713252 ] -> [0.155458 0.713252 ]
[0.121360 0.801251 ] -> [0.121360 0.801251 ]
[0.230975 0.718613 ] -> [0.230975 0.718613 ]
[0.155458 0.713251 ] -> [0.155458 0.713251 ]
[0.214230 0.707505 ] -> [0.214230 0.707505 ]
[0.212009 0.716555 ] -> [0.212009 0.716555 ]
[0.155458 0.713251 ] -> [0.155458 0.713251 ]
[0.176579 0.775210 ] -> [0.176579 0.775210 ]
[0.154280 0.715243 ] -> [0.154280 0.715243 ]
[0.199661 0.700169 ] -> [0.199661 0.700169 ]
[0.400723 0.378804 ] -> [0.400723 0.378804 ]
[0.177080 0.775597 ] -> [0.177080 0.775597 ]
[0.349606 0.423013 ] -> [0.349606 0.423013 ]
[0.169312 0.812267 ] -> [0.169312 0.812267 ]
[0.155458 0.713252 ] -> [0.155458 0.713252 ]
[0.282020 0.691260 ] -> [0.282020 0.691260 ]
[0.381630 0.382382 ] -> [0.381630 0.382382 ]
[0.244590 0.754488 ] -> [0.244590 0.754488 ]
[0.335816 0.481432 ] -> [0.335816 0.481432 ]
[0.395396 0.425635 ] -> [0.395396 0.425635 ]
[0.175400 0.682365 ] -> [0.175400 0.682365 ]
[0.131989 0.756560 ] -> [0.131989 0.756560 ]
[0.230044 0.798190 ] -> [0.230044 0.798190 ]
[0.269051 0.771002 ] -> [0.269051 0.771002 ]
[0.320607 0.474113 ] -> [0.320607 0.474113 ]
[0.249923 0.697368 ] -> [0.249923 0.697368 ]
[0.155458 0.713252 ] -> [0.155458 0.713252 ]
[0.155458 0.713252 ] -> [0.155458 0.713252 ]
[0.381487 0.407407 ] -> [0.381487 0.407407 ]
[0.349606 0.423012 ] -> [0.349606 0.423012 ]
[0.423750 0.334756 ] -> [0.423750 0.334756 ]
[0.359634 0.458288 ] -> [0.359634 0.458288 ]
[0.319534 0.465059 ] -> [0.319534 0.465059 ]
[0.503043 0.275701 ] -> [0.503043 0.275701 ]
[0.314921 0.472743 ] -> [0.314921 0.472743 ]
[0.470037 0.363646 ] -> [0.470037 0.363646 ]
[0.314670 0.470192 ] -> [0.314670 0.470192 ]
[0.439418 0.476610 ] -> [0.439418 0.476610 ]
[0.511949 0.251758 ] -> [0.511949 0.251758 ]
[0.423148 0.334102 ] -> [0.423148 0.334102 ]
[0.380624 0.383644 ] -> [0.380624 0.383644 ]
[0.349365 0.466096 ] -> [0.349365 0.466096 ]
[0.564919 0.218222 ] -> [0.564919 0.218222 ]
[0.154292 0.715222 ] -> [0.154292 0.715222 ]
[0.380621 0.383637 ] -> [0.380621 0.383637 ]
[0.079349 0.884556 ] -> [0.079349 0.884556 ]
[0.101305 0.870490 ] -> [0.101305 0.870490 ]
[0.448415 0.420495 ] -> [0.448415 0.420495 ]
[0.389217 0.463184 ] -> [0.389217 0.463184 ]
[0.082010 0.860175 ] -> [0.082010 0.860175 ]
[0.380537 0.383735 ] -> [0.380537 0.383735 ]
[0.345562 0.431015 ] -> [0.345562 0.431015 ]
[0.412919 0.460562 ] -> [0.412919 0.460562 ]
[0.343334 0.431330 ] -> [0.343334 0.431330 ]
[0.204985 0.742118 ] -> [0.204985 0.742118 ]
[0.352452 0.531409 ] -> [0.352452 0.531409 ]
[0.169190 0.900853 ] -> [0.169190 0.900853 ]
[0.321599 0.460390 ] -> [0.321599 0.460390 ]
[0.399233 0.367374 ] -> [0.399233 0.367374 ]
[0.345090 0.435449 ] -> [0.345090 0.435449 ]
[0.450078 0.364799 ] -> [0.450078 0.364799 ]
[0.499642 0.540701 ] -> [0.499642 0.540701 ]
[0.464113 0.292241 ] -> [0.464113 0.292241 ]
[0.459416 0.292521 ] -> [0.459416 0.292521 ]
[0.931766 0.005298 ] -> [0.931766 0.005298 ]
[0.361657 0.481772 ] -> [0.361657 0.481772 ]
[0.613559 0.266823 ] -> [0.613559 0.266823 ]
[0.154286 0.715236 ] -> [0.154286 0.715236 ]
[0.380594 0.383670 ] -> [0.380594 0.383670 ]
[0.445144 0.545451 ] -> [0.445144 0.545451 ]
[0.412497 0.416773 ] -> [0.412497 0.416773 ]
[0.472881 0.456544 ] -> [0.472881 0.456544 ]
[0.337843 0.454809 ] -> [0.337843 0.454809 ]
[0.548325 0.205687 ] -> [0.548325 0.205687 ]
[0.596293 0.282090 ] -> [0.596293 0.282090 ]
[0.427778 0.384153 ] -> [0.427778 0.384153 ]
[0.278422 0.542053 ] -> [0.278422 0.542053 ]
[0.424731 0.331451 ] -> [0.424731 0.331451 ]
[0.502900 0.249845 ] -> [0.502900 0.249845 ]
[0.551629 0.202312 ] -> [0.551629 0.202312 ]
[0.527889 0.226772 ] -> [0.527889 0.226772 ]
[0.154284 0.715237 ] -> [0.154284 0.715237 ]
[0.342972 0.431707 ] -> [0.342972 0.431707 ]
[0.414475 0.342945 ] -> [0.414475 0.342945 ]
[0.394297 0.400087 ] -> [0.394297 0.400087 ]
[0.377213 0.627881 ] -> [0.377213 0.627881 ]
[0.384497 0.481021 ] -> [0.384497 0.481021 ]
[0.319026 0.464357 ] -> [0.319026 0.464357 ]
[0.296456 0.575726 ] -> [0.296456 0.575726 ]
[0.291828 0.556625 ] -> [0.291828 0.556625 ]
[0.397292 0.393114 ] -> [0.397292 0.393114 ]
[0.243034 0.751667 ] -> [0.243034 0.751667 ]
[0.098808 0.838341 ] -> [0.098808 0.838341 ]
[0.155458 0.713252 ] -> [0.155458 0.713252 ]
[0.259991 0.583933 ] -> [0.259991 0.583933 ]
[0.343242 0.431345 ] -> [0.343242 0.431345 ]
[0.273057 0.536141 ] -> [0.273057 0.536141 ]
[0.415802 0.405516 ] -> [0.415802 0.405516 ]
[0.176690 0.771743 ] -> [0.176690 0.771743 ]
[0.175270 0.817488 ] -> [0.175270 0.817488 ]
[0.379194 0.400523 ] -> [0.379194 0.400523 ]
[0.371857 0.533291 ] -> [0.371857 0.533291 ]
[0.447338 0.525507 ] -> [0.447338 0.525507 ]
[0.368259 0.558342 ] -> [0.368259 0.558342 ]
[0.154284 0.715237 ] -> [0.154284 0.715237 ]
[0.199356 0.701910 ] -> [0.199356 0.701910 ]
[0.479436 0.275779 ] -> [0.479436 0.275779 ]
[0.482155 0.283541 ] -> [0.482155 0.283541 ]
[0.202654 0.856438 ] -> [0.202654 0.856438 ]
[0.463330 0.499580 ] -> [0.463330 0.499580 ]
[0.364389 0.511308 ] -> [0.364389 0.511308 ]
[0.159567 0.720924 ] -> [0.159567 0.720924 ]
[0.155458 0.713252 ] -> [0.155458 0.713252 ]
[0.226947 0.630425 ] -> [0.226947 0.630425 ]
[0.477052 0.274734 ] -> [0.477052 0.274734 ]
[0.182299 0.686052 ] -> [0.182299 0.686052 ]
[0.359971 0.411959 ] -> [0.359971 0.411959 ]
[0.350780 0.620627 ] -> [0.350780 0.620627 ]
[0.354961 0.569514 ] -> [0.354961 0.569514 ]
[0.429926 0.325198 ] -> [0.429926 0.325198 ]
[0.261132 0.555773 ] -> [0.261132 0.555773 ]
[0.318829 0.464748 ] -> [0.318829 0.464748 ]
[0.370374 0.406749 ] -> [0.370374 0.406749 ]
[0.277873 0.620558 ] -> [0.277873 0.620558 ]
[0.212977 0.624362 ] -> [0.212977 0.624362 ]
[0.343236 0.431344 ] -> [0.343236 0.431344 ]
[0.391284 0.557470 ] -> [0.391284 0.557470 ]
[0.373123 0.643380 ] -> [0.373123 0.643380 ]
[0.325835 0.480313 ] -> [0.325835 0.480313 ]
[0.313988 0.476697 ] -> [0.313988 0.476697 ]
[0.474261 0.578796 ] -> [0.474261 0.578796 ]
[0.267383 0.546784 ] -> [0.267383 0.546784 ]
[0.318846 0.463981 ] -> [0.318846 0.463981 ]
[0.381423 0.445033 ] -> [0.381423 0.445033 ]
[0.273794 0.529401 ] -> [0.273794 0.529401 ]
[0.257388 0.554357 ] -> [0.257388 0.554357 ]
[0.329093 0.614593 ] -> [0.329093 0.614593 ]
[0.273105 0.528723 ] -> [0.273105 0.528723 ]
[0.308559 0.479196 ] -> [0.308559 0.479196 ]
[0.176237 0.745087 ] -> [0.176237 0.745087 ]
[0.429736 0.325281 ] -> [0.429736 0.325281 ]
[0.321551 0.460341 ] -> [0.321551 0.460341 ]
[0.440270 0.395842 ] -> [0.440270 0.395842 ]
[0.307996 0.479085 ] -> [0.307996 0.479085 ]
[0.333370 0.552130 ] -> [0.333370 0.552130 ]
[0.281272 0.521686 ] -> [0.281272 0.521686 ]
[0.395843 0.578982 ] -> [0.395843 0.578982 ]
[0.526067 0.236849 ] -> [0.526067 0.236849 ]
[0.318957 0.464160 ] -> [0.318957 0.464160 ]
[0.347170 0.454396 ] -> [0.347170 0.454396 ]
[0.244450 0.573283 ] -> [0.244450 0.573283 ]
[0.396178 0.421506 ] -> [0.396178 0.421506 ]
[0.141772 0.911405 ] -> [0.141772 0.911405 ]
[0.456295 0.479995 ] -> [0.456295 0.479995 ]
[0.223990 0.637147 ] -> [0.223990 0.637147 ]
[0.227817 0.613678 ] -> [0.227817 0.613678 ]
[0.400462 0.405095 ] -> [0.400462 0.405095 ]
[0.154285 0.715235 ] -> [0.154285 0.715235 ]
[0.323588 0.457798 ] -> [0.323588 0.457798 ]
[0.155458 0.713252 ] -> [0.155458 0.713252 ]
[0.410686 0.382056 ] -> [0.410686 0.382056 ]
[0.182078 0.732178 ] -> [0.182078 0.732178 ]
[0.267559 0.538516 ] -> [0.267559 0.538516 ]
[0.411798 0.443480 ] -> [0.411798 0.443480 ]
[0.430736 0.330965 ] -> [0.430736 0.330965 ]
[0.556548 0.253962 ] -> [0.556548 0.253962 ]
[0.234466 0.743833 ] -> [0.234466 0.743833 ]
[0.359557 0.542582 ] -> [0.359557 0.542582 ]
[0.254042 0.688282 ] -> [0.254042 0.688282 ]
[0.180915 0.676084 ] -> [0.180915 0.676084 ]
[0.424620 0.331107 ] -> [0.424620 0.331107 ]
[0.210614 0.623425 ] -> [0.210614 0.623425 ]
[0.407586 0.386862 ] -> [0.407586 0.386862 ]
[0.273025 0.528638 ] -> [0.273025 0.528638 ]
[0.307805 0.479177 ] -> [0.307805 0.479177 ]
[0.525783 0.225576 ] -> [0.525783 0.225576 ]
[0.424534 0.331200 ] -> [0.424534 0.331200 ]
[0.318840 0.464007 ] -> [0.318840 0.464007 ]
[0.308303 0.478777 ] -> [0.308303 0.478777 ]
[0.429632 0.325350 ] -> [0.429632 0.325350 ]
[0.424558 0.331269 ] -> [0.424558 0.331269 ]
[0.412452 0.396057 ] -> [0.412452 0.396057 ]
[0.378548 0.445117 ] -> [0.378548 0.445117 ]
[0.424638 0.331052 ] -> [0.424638 0.331052 ]
[0.321520 0.460341 ] -> [0.321520 0.460341 ]
[0.318825 0.464003 ] -> [0.318825 0.464003 ]
[0.272982 0.528618 ] -> [0.272982 0.528618 ]
[0.414682 0.416582 ] -> [0.414682 0.416582 ]
[0.375530 0.514084 ] -> [0.375530 0.514084 ]
[0.339205 0.553330 ] -> [0.339205 0.553330 ]
[0.357125 0.414182 ] -> [0.357125 0.414182 ]
[0.335333 0.453864 ] -> [0.335333 0.453864 ]
[0.321518 0.460340 ] -> [0.321518 0.460340 ]
[0.321515 0.460342 ] -> [0.321515 0.460342 ]
[0.312562 0.475215 ] -> [0.312562 0.475215 ]
[0.311425 0.474660 ] -> [0.311425 0.474660 ]
[0.438012 0.492685 ] -> [0.438012 0.492685 ]
[0.373420 0.436511 ] -> [0.373420 0.436511 ]
[0.358981 0.411014 ] -> [0.358981 0.411014 ]
[0.318640 0.464564 ] -> [0.318640 0.464564 ]
[0.424633 0.331050 ] -> [0.424633 0.331050 ]
[0.361564 0.536964 ] -> [0.361564 0.536964 ]
[0.424640 0.331042 ] -> [0.424640 0.331042 ]
[0.272981 0.528599 ] -> [0.272981 0.528599 ]
[0.344522 0.504030 ] -> [0.344522 0.504030 ]
[0.339395 0.453712 ] -> [0.339395 0.453712 ]
[0.424634 0.331051 ] -> [0.424634 0.331051 ]
[0.248987 0.666696 ] -> [0.248987 0.666696 ]
[0.421673 0.399095 ] -> [0.421673 0.399095 ]
[0.219216 0.611559 ] -> [0.219216 0.611559 ]
[0.314711 0.472614 ] -> [0.314711 0.472614 ]
[0.311880 0.474470 ] -> [0.311880 0.474470 ]
[0.348590 0.617921 ] -> [0.348590 0.617921 ]
[0.317570 0.465926 ] -> [0.317570 0.465926 ]
[0.361826 0.664835 ] -> [0.361826 0.664835 ]
[0.308200 0.696785 ] -> [0.308200 0.696785 ]
[0.424639 0.331041 ] -> [0.424639 0.331041 ]
[0.373602 0.435673 ] -> [0.373602 0.435673 ]
[0.318849 0.463971 ] -> [0.318849 0.463971 ]
[0.357187 0.442583 ] -> [0.357187 0.442583 ]
[0.453599 0.460034 ] -> [0.453599 0.460034 ]
[0.218531 0.611046 ] -> [0.218531 0.611046 ]
[0.429086 0.325964 ] -> [0.429086 0.325964 ]
[0.334283 0.535762 ] -> [0.334283 0.535762 ]
[0.424638 0.331041 ] -> [0.424638 0.331041 ]
