[0.999720 0.092614 ] -> [0.999720 0.092614 ]
[0.318014 0.647408 ] -> [0.318014 0.647408 ]
[0.608298 0.686465 ] -> [0.608298 0.686465 ]
[0.137496 0.753355 ] -> [0.137496 0.753355 ]
[0.885998 0.412931 ] -> [0.885998 0.412931 ]
[0.718147 0.511380 ] -> [0.718147 0.511380 ]
[0.429846 0.451590 ] -> [0.429846 0.451590 ]
[0.706442 0.918100 ] -> [0.706442 0.918100 ]
[0.860629 0.934715 ] -> [0.860629 0.934715 ]
[0.563226 0.944448 ] -> [0.563226 0.944448 ]
[0.783719 0.323640 ] -> [0.783719 0.323640 ]
[0.195798 0.759193 ] -> [0.195798 0.759193 ]
[0.951721 0.303703 ] -> [0.951721 0.303703 ]
[0.990168 0.193412 ] -> [0.990168 0.193412 ]
[0.313374 0.876166 ] -> [0.313374 0.876166 ]
[0.954289 0.018431 ] -> [0.954289 0.018431 ]
[0.163776 0.814918 ] -> [0.163776 0.814918 ]
[0.953146 0.727002 ] -> [0.953146 0.727002 ]
[0.759366 0.172925 ] -> [0.759366 0.172925 ]
[0.292350 0.543085 ] -> [0.292350 0.543085 ]
[0.496565 0.596944 ] -> [0.496565 0.596944 ]
[0.646269 0.937744 ] -> [0.646269 0.937744 ]
[0.901258 0.842067 ] -> [0.901258 0.842067 ]
[0.696936 0.852979 ] -> [0.696936 0.852979 ]
[0.145770 0.752852 ] -> [0.145770 0.752852 ]
[0.946263 0.726372 ] -> [0.946263 0.726372 ]
[0.757893 0.399649 ] -> [0.757893 0.399649 ]
[0.588795 0.241005 ] -> [0.588795 0.241005 ]
[0.493637 0.543085 ] -> [0.493637 0.543085 ]
[0.259436 0.657413 ] -> [0.259436 0.657413 ]
[0.385507 0.676765 ] -> [0.385507 0.676765 ]
[0.660453 0.882072 ] -> [0.660453 0.882072 ]
[0.819815 0.174967 ] -> [0.819815 0.174967 ]
[0.768473 0.925208 ] -> [0.768473 0.925208 ]
[0.842250 0.357269 ] -> [0.842250 0.357269 ]
[0.900353 0.425649 ] -> [0.900353 0.425649 ]
[0.993300 0.258355 ] -> [0.993300 0.258355 ]
[0.638230 0.377715 ] -> [0.638230 0.377715 ]
[0.905809 0.328189 ] -> [0.905809 0.328189 ]
[0.342899 0.725624 ] -> [0.342899 0.725624 ]
[0.503156 0.491688 ] -> [0.503156 0.491688 ]
[0.786248 0.511978 ] -> [0.786248 0.511978 ]
[0.972044 0.216745 ] -> [0.972044 0.216745 ]
[0.727845 0.139359 ] -> [0.727845 0.139359 ]
[0.659346 0.496318 ] -> [0.659346 0.496318 ]
[0.853587 0.230780 ] -> [0.853587 0.230780 ]
[0.837483 0.753940 ] -> [0.837483 0.753940 ]
[0.656429 0.830782 ] -> [0.656429 0.830782 ]
[0.591166 0.767093 ] -> [0.591166 0.767093 ]
[0.949828 0.094322 ] -> [0.949828 0.094322 ]
[0.704182 0.597467 ] -> [0.704182 0.597467 ]
[0.736825 0.921121 ] -> [0.736825 0.921121 ]
[0.928345 0.801393 ] -> [0.928345 0.801393 ]
[0.422716 0.781932 ] -> [0.422716 0.781932 ]
[0.535871 0.688602 ] -> [0.535871 0.688602 ]
[0.983261 0.299479 ] -> [0.983261 0.299479 ]
[0.936185 0.301657 ] -> [0.936185 0.301657 ]
[0.562455 0.360379 ] -> [0.562455 0.360379 ]
[0.667893 0.873365 ] -> [0.667893 0.873365 ]
[0.431283 0.372075 ] -> [0.431283 0.372075 ]
[0.470832 0.693058 ] -> [0.470832 0.693058 ]
[0.804102 0.207658 ] -> [0.804102 0.207658 ]
[0.614179 0.732446 ] -> [0.614179 0.732446 ]
[0.729825 0.388076 ] -> [0.729825 0.388076 ]
[0.598416 0.713085 ] -> [0.598416 0.713085 ]
[0.687554 0.534601 ] -> [0.687554 0.534601 ]
[0.894980 0.540603 ] -> [0.894980 0.540603 ]
[0.408707 0.684186 ] -> [0.408707 0.684186 ]
[0.524939 0.839990 ] -> [0.524939 0.839990 ]
[0.056261 0.995771 ] -> [0.056261 0.995771 ]
[0.533048 0.860362 ] -> [0.533048 0.860362 ]
[0.592809 0.212479 ] -> [0.592809 0.212479 ]
[0.157436 0.983527 ] -> [0.157436 0.983527 ]
[0.869292 0.755852 ] -> [0.869292 0.755852 ]
[0.696612 0.556846 ] -> [0.696612 0.556846 ]
[0.290453 0.711355 ] -> [0.290453 0.711355 ]
[0.806856 0.185433 ] -> [0.806856 0.185433 ]
[0.862060 0.616593 ] -> [0.862060 0.616593 ]
[0.952437 0.387000 ] -> [0.952437 0.387000 ]
[0.382771 0.989631 ] -> [0.382771 0.989631 ]
[0.869060 0.586199 ] -> [0.869060 0.586199 ]
[0.798678 0.320979 ] -> [0.798678 0.320979 ]
[0.802195 0.726491 ] -> [0.802195 0.726491 ]
[0.482344 0.732519 ] -> [0.482344 0.732519 ]
[0.228333 0.772797 ] -> [0.228333 0.772797 ]
[0.958230 0.695832 ] -> [0.958230 0.695832 ]
[0.964083 0.107736 ] -> [0.964083 0.107736 ]
[0.782709 0.916520 ] -> [0.782709 0.916520 ]
[0.925217 0.877506 ] -> [0.925217 0.877506 ]
[0.228922 0.794277 ] -> [0.228922 0.794277 ]
[0.463706 0.365780 ] -> [0.463706 0.365780 ]
[0.686759 0.825200 ] -> [0.686759 0.825200 ]
[0.314764 0.488955 ] -> [0.314764 0.488955 ]
[0.551691 0.350671 ] -> [0.551691 0.350671 ]
[0.806831 0.527064 ] -> [0.806831 0.527064 ]
[0.423964 0.765061 ] -> [0.423964 0.765061 ]
[0.222896 0.669640 ] -> [0.222896 0.669640 ]
[0.931178 0.186979 ] -> [0.931178 0.186979 ]
[0.777376 0.713887 ] -> [0.777376 0.713887 ]
[0.953178 0.028716 ] -> [0.953178 0.028716 ]
[0.822992 0.613323 ] -> [0.822992 0.613323 ]
[0.875706 0.234640 ] -> [0.875706 0.234640 ]
[0.904336 0.190470 ] -> [0.904336 0.190470 ]
[0.723595 0.456027 ] -> [0.723595 0.456027 ]
[0.541141 0.884036 ] -> [0.541141 0.884036 ]
[0.490061 0.624332 ] -> [0.490061 0.624332 ]
[0.366415 0.993131 ] -> [0.366415 0.993131 ]
[0.707018 0.664770 ] -> [0.707018 0.664770 ]
[0.415901 0.660196 ] -> [0.415901 0.660196 ]
[0.693485 0.565519 ] -> [0.693485 0.565519 ]
[0.842297 0.516478 ] -> [0.842297 0.516478 ]
[0.624817 0.499951 ] -> [0.624817 0.499951 ]
[0.955978 0.786160 ] -> [0.955978 0.786160 ]
[0.410492 0.505260 ] -> [0.410492 0.505260 ]
[0.742931 0.561888 ] -> [0.742931 0.561888 ]
[0.202035 0.804885 ] -> [0.202035 0.804885 ]
[0.936180 0.568450 ] -> [0.936180 0.568450 ]
[0.798016 0.497452 ] -> [0.798016 0.497452 ]
[0.712240 0.505033 ] -> [0.712240 0.505033 ]
[0.165229 0.855707 ] -> [0.165229 0.855707 ]
[0.372184 0.872501 ] -> [0.372184 0.872501 ]
[0.397703 0.967799 ] -> [0.397703 0.967799 ]
[0.927049 0.022520 ] -> [0.927049 0.022520 ]
[0.370932 0.423727 ] -> [0.370932 0.423727 ]
[0.958227 0.603380 ] -> [0.958227 0.603380 ]
[0.869766 0.368719 ] -> [0.869766 0.368719 ]
[0.930606 0.310674 ] -> [0.930606 0.310674 ]
[0.417581 0.866787 ] -> [0.417581 0.866787 ]
[0.879124 0.215597 ] -> [0.879124 0.215597 ]
[0.364238 0.591364 ] -> [0.364238 0.591364 ]
[0.720630 0.526459 ] -> [0.720630 0.526459 ]
[0.719506 0.885859 ] -> [0.719506 0.885859 ]
[0.382166 0.413166 ] -> [0.382166 0.413166 ]
[0.893385 0.754351 ] -> [0.893385 0.754351 ]
[0.722150 0.212717 ] -> [0.722150 0.212717 ]
[0.384784 0.684540 ] -> [0.384784 0.684540 ]
[0.613626 0.343011 ] -> [0.613626 0.343011 ]
[0.711730 0.396560 ] -> [0.711730 0.396560 ]
[0.707234 0.513670 ] -> [0.707234 0.513670 ]
[0.509123 0.586358 ] -> [0.509123 0.586358 ]
[0.729267 0.873361 ] -> [0.729267 0.873361 ]
[0.399820 0.897228 ] -> [0.399820 0.897228 ]
[0.335757 0.781987 ] -> [0.335757 0.781987 ]
[0.536337 0.596061 ] -> [0.536337 0.596061 ]
[0.520230 0.258487 ] -> [0.520230 0.258487 ]
[0.808777 0.833838 ] -> [0.808777 0.833838 ]
[0.536573 0.806299 ] -> [0.536573 0.806299 ]
[0.545404 0.248303 ] -> [0.545404 0.248303 ]
[0.202858 0.641493 ] -> [0.202858 0.641493 ]
[0.890639 0.910092 ] -> [0.890639 0.910092 ]
[0.496450 0.884430 ] -> [0.496450 0.884430 ]
[0.273122 0.674172 ] -> [0.273122 0.674172 ]
[0.334327 0.672943 ] -> [0.334327 0.672943 ]
[0.571400 0.670084 ] -> [0.571400 0.670084 ]
[0.454929 0.881793 ] -> [0.454929 0.881793 ]
[0.899226 0.991267 ] -> [0.899226 0.991267 ]
[0.477854 0.419456 ] -> [0.477854 0.419456 ]
[0.253294 0.698140 ] -> [0.253294 0.698140 ]
[0.480193 0.771673 ] -> [0.480193 0.771673 ]
[0.577971 0.305556 ] -> [0.577971 0.305556 ]
[0.265068 0.780829 ] -> [0.265068 0.780829 ]
[0.947048 0.155707 ] -> [0.947048 0.155707 ]
[0.690921 0.102211 ] -> [0.690921 0.102211 ]
[0.986641 0.828591 ] -> [0.986641 0.828591 ]
[0.861543 0.320968 ] -> [0.861543 0.320968 ]
[0.501534 0.432943 ] -> [0.501534 0.432943 ]
[0.991053 0.956463 ] -> [0.991053 0.956463 ]
[0.314736 0.890279 ] -> [0.314736 0.890279 ]
[0.947730 0.792590 ] -> [0.947730 0.792590 ]
[0.895623 0.559414 ] -> [0.895623 0.559414 ]
[0.334702 0.655775 ] -> [0.334702 0.655775 ]
[0.576180 0.912674 ] -> [0.576180 0.912674 ]
[0.961331 0.841248 ] -> [0.961331 0.841248 ]
[0.693503 0.908379 ] -> [0.693503 0.908379 ]
[0.996955 0.384424 ] -> [0.996955 0.384424 ]
[0.571796 0.997232 ] -> [0.571796 0.997232 ]
[0.381014 0.433338 ] -> [0.381014 0.433338 ]
[0.318200 0.882548 ] -> [0.318200 0.882548 ]
[0.866281 0.309252 ] -> [0.866281 0.309252 ]
[0.839011 0.181017 ] -> [0.839011 0.181017 ]
[0.199531 0.786740 ] -> [0.199531 0.786740 ]
[0.973606 0.509266 ] -> [0.973606 0.509266 ]
[0.984224 0.052828 ] -> [0.984224 0.052828 ]
[0.072295 0.879847 ] -> [0.072295 0.879847 ]
[0.612242 0.406997 ] -> [0.612242 0.406997 ]
[0.319671 0.496953 ] -> [0.319671 0.496953 ]
[0.397598 0.415923 ] -> [0.397598 0.415923 ]
[0.579048 0.969394 ] -> [0.579048 0.969394 ]
[0.413155 0.960062 ] -> [0.413155 0.960062 ]
[0.402732 0.731355 ] -> [0.402732 0.731355 ]
[0.842610 0.269013 ] -> [0.842610 0.269013 ]
[0.468361 0.423636 ] -> [0.468361 0.423636 ]
[0.749404 0.452585 ] -> [0.749404 0.452585 ]
[0.476464 0.821699 ] -> [0.476464 0.821699 ]
[0.228696 0.868054 ] -> [0.228696 0.868054 ]
[0.277128 0.548367 ] -> [0.277128 0.548367 ]
[0.561541 0.770341 ] -> [0.561541 0.770341 ]
[0.333423 0.959139 ] -> [0.333423 0.959139 ]
[0.186264 0.912471 ] -> [0.186264 0.912471 ]
[0.928533 0.599419 ] -> [0.928533 0.599419 ]
[0.872533 0.331266 ] -> [0.872533 0.331266 ]
[0.330774 0.715144 ] -> [0.330774 0.715144 ]
[0.600279 0.371382 ] -> [0.600279 0.371382 ]
[0.611520 0.865126 ] -> [0.611520 0.865126 ]
[0.473945 0.360924 ] -> [0.473945 0.360924 ]
[0.317711 0.950409 ] -> [0.317711 0.950409 ]
[0.518197 0.316244 ] -> [0.518197 0.316244 ]
[0.959687 0.883205 ] -> [0.959687 0.883205 ]
[0.623042 0.521228 ] -> [0.623042 0.521228 ]
[0.653545 0.956465 ] -> [0.653545 0.956465 ]
[0.480368 0.839809 ] -> [0.480368 0.839809 ]
[0.868936 0.408901 ] -> [0.868936 0.408901 ]
[0.439229 0.741469 ] -> [0.439229 0.741469 ]
[0.740166 0.770003 ] -> [0.740166 0.770003 ]
[0.456613 0.340445 ] -> [0.456613 0.340445 ]
[0.141384 0.853377 ] -> [0.141384 0.853377 ]
[0.390754 0.752905 ] -> [0.390754 0.752905 ]
[0.718503 0.864699 ] -> [0.718503 0.864699 ]
[0.815109 0.296453 ] -> [0.815109 0.296453 ]
[0.686356 0.854224 ] -> [0.686356 0.854224 ]
[0.707773 0.204553 ] -> [0.707773 0.204553 ]
[0.188689 0.741303 ] -> [0.188689 0.741303 ]
[0.749975 0.669056 ] -> [0.749975 0.669056 ]
[0.581112 0.618910 ] -> [0.581112 0.618910 ]
[0.360379 0.818124 ] -> [0.360379 0.818124 ]
[0.790343 0.816992 ] -> [0.790343 0.816992 ]
[0.158569 0.931728 ] -> [0.158569 0.931728 ]
[0.670369 0.549323 ] -> [0.670369 0.549323 ]
[0.684633 0.388872 ] -> [0.684633 0.388872 ]
[0.414022 0.798462 ] -> [0.414022 0.798462 ]
[0.470148 0.403753 ] -> [0.470148 0.403753 ]
[0.145055 0.797308 ] -> [0.145055 0.797308 ]
[0.327893 0.726167 ] -> [0.327893 0.726167 ]
[0.416218 0.405850 ] -> [0.416218 0.405850 ]
[0.746508 0.776597 ] -> [0.746508 0.776597 ]
[0.593589 0.382543 ] -> [0.593589 0.382543 ]
[0.931866 0.153212 ] -> [0.931866 0.153212 ]
[0.652830 0.345888 ] -> [0.652830 0.345888 ]
[0.951674 0.077916 ] -> [0.951674 0.077916 ]
[0.189358 0.658374 ] -> [0.189358 0.658374 ]
[0.849276 0.505354 ] -> [0.849276 0.505354 ]
[0.912198 0.319424 ] -> [0.912198 0.319424 ]
[0.909106 0.959531 ] -> [0.909106 0.959531 ]
[0.978260 0.054162 ] -> [0.978260 0.054162 ]
[0.756839 0.306153 ] -> [0.756839 0.306153 ]
[0.780329 0.173056 ] -> [0.780329 0.173056 ]
[0.712003 0.526837 ] -> [0.712003 0.526837 ]
[0.949653 0.935977 ] -> [0.949653 0.935977 ]
[0.318520 0.532268 ] -> [0.318520 0.532268 ]
[0.807200 0.250386 ] -> [0.807200 0.250386 ]
[0.685480 0.460031 ] -> [0.685480 0.460031 ]
[0.596274 0.637154 ] -> [0.596274 0.637154 ]
[0.683743 0.727305 ] -> [0.683743 0.727305 ]
[0.829667 0.533019 ] -> [0.829667 0.533019 ]
[0.232659 0.741864 ] -> [0.232659 0.741864 ]
[0.852443 0.141765 ] -> [0.852443 0.141765 ]
[0.701395 0.830704 ] -> [0.701395 0.830704 ]
[0.136857 0.976256 ] -> [0.136857 0.976256 ]
[0.631290 0.848860 ] -> [0.631290 0.848860 ]
[0.503093 0.580944 ] -> [0.503093 0.580944 ]
[0.784837 0.566781 ] -> [0.784837 0.566781 ]
[0.099050 0.931386 ] -> [0.099050 0.931386 ]
[0.353742 0.784530 ] -> [0.353742 0.784530 ]
[0.391417 0.950016 ] -> [0.391417 0.950016 ]
[0.421685 0.929363 ] -> [0.421685 0.929363 ]
[0.656669 0.950975 ] -> [0.656669 0.950975 ]
[0.638447 0.889328 ] -> [0.638447 0.889328 ]
[0.692839 0.490890 ] -> [0.692839 0.490890 ]
[0.852468 0.458450 ] -> [0.852468 0.458450 ]
[0.307310 0.706368 ] -> [0.307310 0.706368 ]
[0.499262 0.578414 ] -> [0.499262 0.578414 ]
[0.441053 0.620570 ] -> [0.441053 0.620570 ]
[0.571546 0.322288 ] -> [0.571546 0.322288 ]
[0.987050 0.264385 ] -> [0.987050 0.264385 ]
[0.658619 0.134771 ] -> [0.658619 0.134771 ]
[0.593221 0.448438 ] -> [0.593221 0.448438 ]
[0.994846 0.900531 ] -> [0.994846 0.900531 ]
[0.992678 0.427955 ] -> [0.992678 0.427955 ]
[0.800154 0.368708 ] -> [0.800154 0.368708 ]
[0.737428 0.956883 ] -> [0.737428 0.956883 ]
[0.880398 0.236690 ] -> [0.880398 0.236690 ]
[0.535297 0.321451 ] -> [0.535297 0.321451 ]
[0.857261 0.219138 ] -> [0.857261 0.219138 ]
[0.419174 0.428806 ] -> [0.419174 0.428806 ]
[0.541426 0.406224 ] -> [0.541426 0.406224 ]
[0.693191 0.354604 ] -> [0.693191 0.354604 ]
[0.424367 0.351811 ] -> [0.424367 0.351811 ]
[0.489375 0.669529 ] -> [0.489375 0.669529 ]
[0.862898 0.082596 ] -> [0.862898 0.082596 ]
[0.117967 0.857744 ] -> [0.117967 0.857744 ]
[0.983127 0.272773 ] -> [0.983127 0.272773 ]
[0.917291 0.975806 ] -> [0.917291 0.975806 ]
[0.700727 0.165725 ] -> [0.700727 0.165725 ]
[0.534433 0.901416 ] -> [0.534433 0.901416 ]
[0.457765 0.414831 ] -> [0.457765 0.414831 ]
[0.138107 0.993062 ] -> [0.138107 0.993062 ]
[0.736283 0.995368 ] -> [0.736283 0.995368 ]
[0.424174 0.753627 ] -> [0.424174 0.753627 ]
[0.108231 0.986047 ] -> [0.108231 0.986047 ]
[0.469176 0.597605 ] -> [0.469176 0.597605 ]
[0.655577 0.332074 ] -> [0.655577 0.332074 ]
[0.680201 0.773544 ] -> [0.680201 0.773544 ]
[0.189817 0.663329 ] -> [0.189817 0.663329 ]
[0.639135 0.747043 ] -> [0.639135 0.747043 ]
[0.272833 0.803123 ] -> [0.272833 0.803123 ]
[0.247925 0.807267 ] -> [0.247925 0.807267 ]
[0.704539 0.705690 ] -> [0.704539 0.705690 ]
[0.222098 0.842646 ] -> [0.222098 0.842646 ]
[0.698751 0.958380 ] -> [0.698751 0.958380 ]
[0.838013 0.910952 ] -> [0.838013 0.910952 ]
[0.664578 0.675517 ] -> [0.664578 0.675517 ]
[0.379553 0.772809 ] -> [0.379553 0.772809 ]
[0.661564 0.848728 ] -> [0.661564 0.848728 ]
[0.713945 0.137000 ] -> [0.713945 0.137000 ]
[0.477728 0.353079 ] -> [0.477728 0.353079 ]
[0.884044 0.750561 ] -> [0.884044 0.750561 ]
[0.557828 0.860741 ] -> [0.557828 0.860741 ]
[0.837658 0.779925 ] -> [0.837658 0.779925 ]
[0.703387 0.536410 ] -> [0.703387 0.536410 ]
[0.738305 0.541400 ] -> [0.738305 0.541400 ]
[0.447361 0.852142 ] -> [0.447361 0.852142 ]
[0.803587 0.111940 ] -> [0.803587 0.111940 ]
[0.884749 0.189223 ] -> [0.884749 0.189223 ]
[0.305779 0.597048 ] -> [0.305779 0.597048 ]
[0.372803 0.618092 ] -> [0.372803 0.618092 ]
[0.811579 0.529004 ] -> [0.811579 0.529004 ]
[0.750061 0.369406 ] -> [0.750061 0.369406 ]
[0.389745 0.587719 ] -> [0.389745 0.587719 ]
[0.124128 0.887637 ] -> [0.124128 0.887637 ]
[0.634532 0.571490 ] -> [0.634532 0.571490 ]
[0.739779 0.438119 ] -> [0.739779 0.438119 ]
[0.683430 0.267438 ] -> [0.683430 0.267438 ]
[0.621259 0.568179 ] -> [0.621259 0.568179 ]
[0.456661 0.653127 ] -> [0.456661 0.653127 ]
[0.823342 0.963025 ] -> [0.823342 0.963025 ]
[0.865797 0.129121 ] -> [0.865797 0.129121 ]
[0.560073 0.449087 ] -> [0.560073 0.449087 ]
[0.510105 0.521647 ] -> [0.510105 0.521647 ]
[0.912213 0.321683 ] -> [0.912213 0.321683 ]
[0.691090 0.440397 ] -> [0.691090 0.440397 ]
[0.249993 0.840421 ] -> [0.249993 0.840421 ]
[0.533529 0.374121 ] -> [0.533529 0.374121 ]
[0.728058 0.168061 ] -> [0.728058 0.168061 ]
[0.945611 0.467837 ] -> [0.945611 0.467837 ]
[0.606180 0.629041 ] -> [0.606180 0.629041 ]
[0.735275 0.227438 ] -> [0.735275 0.227438 ]
[0.880565 0.020561 ] -> [0.880565 0.020561 ]
[0.154962 0.746362 ] -> [0.154962 0.746362 ]
[0.820174 0.921369 ] -> [0.820174 0.921369 ]
[0.583643 0.718327 ] -> [0.583643 0.718327 ]
[0.311223 0.833636 ] -> [0.311223 0.833636 ]
[0.558748 0.844752 ] -> [0.558748 0.844752 ]
[0.754644 0.618992 ] -> [0.754644 0.618992 ]
[0.782409 0.489919 ] -> [0.782409 0.489919 ]
[0.846431 0.979628 ] -> [0.846431 0.979628 ]
[0.681855 0.726996 ] -> [0.681855 0.726996 ]
[0.551852 0.668808 ] -> [0.551852 0.668808 ]
[0.448399 0.561008 ] -> [0.448399 0.561008 ]
[0.482377 0.401600 ] -> [0.482377 0.401600 ]
[0.899656 0.678676 ] -> [0.899656 0.678676 ]
[0.965482 0.308189 ] -> [0.965482 0.308189 ]
[0.260781 0.720126 ] -> [0.260781 0.720126 ]
[0.927181 0.043190 ] -> [0.927181 0.043190 ]
[0.210044 0.773612 ] -> [0.210044 0.773612 ]
[0.728716 0.973966 ] -> [0.728716 0.973966 ]
[0.642774 0.621280 ] -> [0.642774 0.621280 ]
[0.889853 0.323952 ] -> [0.889853 0.323952 ]
[0.389973 0.538664 ] -> [0.389973 0.538664 ]
[0.479877 0.289629 ] -> [0.479877 0.289629 ]
[0.217340 0.775252 ] -> [0.217340 0.775252 ]
[0.902947 0.010622 ] -> [0.902947 0.010622 ]
[0.701013 0.112991 ] -> [0.701013 0.112991 ]
[0.784234 0.723831 ] -> [0.784234 0.723831 ]
[0.746839 0.733607 ] -> [0.746839 0.733607 ]
[0.258808 0.919720 ] -> [0.258808 0.919720 ]
[0.540999 0.855750 ] -> [0.540999 0.855750 ]
[0.918719 0.430853 ] -> [0.918719 0.430853 ]
[0.460106 0.569675 ] -> [0.460106 0.569675 ]
[0.876120 0.939983 ] -> [0.876120 0.939983 ]
[0.859304 0.093459 ] -> [0.859304 0.093459 ]
[0.715235 0.256346 ] -> [0.715235 0.256346 ]
[0.276281 0.798676 ] -> [0.276281 0.798676 ]
[0.914170 0.179228 ] -> [0.914170 0.179228 ]
[0.809298 0.615183 ] -> [0.809298 0.615183 ]
[0.292219 0.593532 ] -> [0.292219 0.593532 ]
[0.878374 0.085853 ] -> [0.878374 0.085853 ]
[0.900642 0.957484 ] -> [0.900642 0.957484 ]
[0.977425 0.080345 ] -> [0.977425 0.080345 ]
[0.650020 0.171060 ] -> [0.650020 0.171060 ]
[0.377514 0.509324 ] -> [0.377514 0.509324 ]
[0.765671 0.540800 ] -> [0.765671 0.540800 ]
[0.891425 0.679840 ] -> [0.891425 0.679840 ]
[0.720028 0.700723 ] -> [0.720028 0.700723 ]
[0.294255 0.634037 ] -> [0.294255 0.634037 ]
[0.719890 0.340074 ] -> [0.719890 0.340074 ]
[0.309810 0.725463 ] -> [0.309810 0.725463 ]
[0.365952 0.600998 ] -> [0.365952 0.600998 ]
[0.772058 0.064505 ] -> [0.772058 0.064505 ]
[0.970807 0.297405 ] -> [0.970807 0.297405 ]
[0.749401 0.265830 ] -> [0.749401 0.265830 ]
[0.899867 0.619009 ] -> [0.899867 0.619009 ]
[0.216285 0.619756 ] -> [0.216285 0.619756 ]
[0.959083 0.526095 ] -> [0.959083 0.526095 ]
[0.874670 0.617255 ] -> [0.874670 0.617255 ]
[0.629657 0.180729 ] -> [0.629657 0.180729 ]
[0.866716 0.995610 ] -> [0.866716 0.995610 ]
[0.781727 0.553707 ] -> [0.781727 0.553707 ]
[0.618212 0.536879 ] -> [0.618212 0.536879 ]
[0.590362 0.775466 ] -> [0.590362 0.775466 ]
[0.827846 0.167738 ] -> [0.827846 0.167738 ]
[0.824145 0.798653 ] -> [0.824145 0.798653 ]
[0.465143 0.573546 ] -> [0.465143 0.573546 ]
[0.617202 0.964349 ] -> [0.617202 0.964349 ]
[0.393804 0.833487 ] -> [0.393804 0.833487 ]
[0.584106 0.352888 ] -> [0.584106 0.352888 ]
[0.359582 0.929326 ] -> [0.359582 0.929326 ]
[0.696937 0.234252 ] -> [0.696937 0.234252 ]
[0.546581 0.326595 ] -> [0.546581 0.326595 ]
[0.414981 0.413296 ] -> [0.414981 0.413296 ]
[0.967004 0.333787 ] -> [0.967004 0.333787 ]
[0.750493 0.585216 ] -> [0.750493 0.585216 ]
[0.870666 0.340854 ] -> [0.870666 0.340854 ]
[0.360682 0.698512 ] -> [0.360682 0.698512 ]
[0.497165 0.973736 ] -> [0.497165 0.973736 ]
[0.758373 0.561648 ] -> [0.758373 0.561648 ]
[0.748531 0.375575 ] -> [0.748531 0.375575 ]
[0.495222 0.568645 ] -> [0.495222 0.568645 ]
[0.802897 0.586009 ] -> [0.802897 0.586009 ]
[0.999306 0.840959 ] -> [0.999306 0.840959 ]
[0.414586 0.966309 ] -> [0.414586 0.966309 ]
[0.505933 0.912208 ] -> [0.505933 0.912208 ]
[0.988261 0.855408 ] -> [0.988261 0.855408 ]
[0.802735 0.736792 ] -> [0.802735 0.736792 ]
[0.879127 0.440045 ] -> [0.879127 0.440045 ]
[0.438835 0.374349 ] -> [0.438835 0.374349 ]
[0.566509 0.811587 ] -> [0.566509 0.811587 ]
[0.926221 0.444051 ] -> [0.926221 0.444051 ]
[0.609129 0.581414 ] -> [0.609129 0.581414 ]
[0.493621 0.890301 ] -> [0.493621 0.890301 ]
[0.446064 0.934123 ] -> [0.446064 0.934123 ]
[0.854642 0.677047 ] -> [0.854642 0.677047 ]
[0.262856 0.733769 ] -> [0.262856 0.733769 ]
[0.179955 0.674626 ] -> [0.179955 0.674626 ]
[0.937369 0.244228 ] -> [0.937369 0.244228 ]
[0.759889 0.966834 ] -> [0.759889 0.966834 ]
[0.307807 0.686110 ] -> [0.307807 0.686110 ]
[0.919109 0.933455 ] -> [0.919109 0.933455 ]
[0.823755 0.264664 ] -> [0.823755 0.264664 ]
[0.382514 0.449451 ] -> [0.382514 0.449451 ]
[0.889267 0.237155 ] -> [0.889267 0.237155 ]
[0.970924 0.243590 ] -> [0.970924 0.243590 ]
[0.853813 0.079042 ] -> [0.853813 0.079042 ]
[0.753668 0.306741 ] -> [0.753668 0.306741 ]
[0.273574 0.585804 ] -> [0.273574 0.585804 ]
[0.199667 0.684459 ] -> [0.199667 0.684459 ]
[0.923500 0.986744 ] -> [0.923500 0.986744 ]
[0.704472 0.842610 ] -> [0.704472 0.842610 ]
[0.920199 0.839548 ] -> [0.920199 0.839548 ]
[0.255340 0.743954 ] -> [0.255340 0.743954 ]
[0.699098 0.486726 ] -> [0.699098 0.486726 ]
[0.708178 0.588365 ] -> [0.708178 0.588365 ]
[0.723881 0.834675 ] -> [0.723881 0.834675 ]
[0.740487 0.694805 ] -> [0.740487 0.694805 ]
[0.773847 0.447636 ] -> [0.773847 0.447636 ]
[0.628069 0.527515 ] -> [0.628069 0.527515 ]
[0.754377 0.906066 ] -> [0.754377 0.906066 ]
[0.712410 0.415370 ] -> [0.712410 0.415370 ]
[0.891636 0.360643 ] -> [0.891636 0.360643 ]
[0.772048 0.590734 ] -> [0.772048 0.590734 ]
[0.847368 0.480226 ] -> [0.847368 0.480226 ]
[0.314901 0.919585 ] -> [0.314901 0.919585 ]
[0.840802 0.141955 ] -> [0.840802 0.141955 ]
[0.567416 0.595179 ] -> [0.567416 0.595179 ]
[0.623131 0.539892 ] -> [0.623131 0.539892 ]
[0.849226 0.335541 ] -> [0.849226 0.335541 ]
[0.955262 0.076708 ] -> [0.955262 0.076708 ]
[0.752423 0.213242 ] -> [0.752423 0.213242 ]
[0.726562 0.116026 ] -> [0.726562 0.116026 ]
[0.369496 0.498610 ] -> [0.369496 0.498610 ]
[0.706759 0.216864 ] -> [0.706759 0.216864 ]
[0.978836 0.885857 ] -> [0.978836 0.885857 ]
[0.788114 0.293737 ] -> [0.788114 0.293737 ]
[0.805443 0.054168 ] -> [0.805443 0.054168 ]
[0.686902 0.319329 ] -> [0.686902 0.319329 ]
[0.461284 0.661485 ] -> [0.461284 0.661485 ]
[0.269972 0.746014 ] -> [0.269972 0.746014 ]
[0.195906 0.833977 ] -> [0.195906 0.833977 ]
[0.842831 0.944264 ] -> [0.842831 0.944264 ]
[0.429191 0.421710 ] -> [0.429191 0.421710 ]
[0.715446 0.934381 ] -> [0.715446 0.934381 ]
[0.930052 0.714994 ] -> [0.930052 0.714994 ]
[0.798949 0.273497 ] -> [0.798949 0.273497 ]
[0.416196 0.880504 ] -> [0.416196 0.880504 ]
[0.277956 0.612102 ] -> [0.277956 0.612102 ]
[0.714481 0.495657 ] -> [0.714481 0.495657 ]
[0.439920 0.568720 ] -> [0.439920 0.568720 ]
[0.769639 0.882794 ] -> [0.769639 0.882794 ]
[0.811801 0.198830 ] -> [0.811801 0.198830 ]
[0.304504 0.940739 ] -> [0.304504 0.940739 ]
[0.875120 0.687608 ] -> [0.875120 0.687608 ]
