[0.843824 0.080178 ] -> [0.843824 0.080178 ]
[0.341621 0.793373 ] -> [0.341621 0.793373 ]
[0.405475 0.799220 ] -> [0.405475 0.799220 ]
[0.356532 0.555154 ] -> [0.356532 0.555154 ]
[0.437948 0.818394 ] -> [0.437948 0.818394 ]
[0.325002 0.742452 ] -> [0.325002 0.742452 ]
[0.759133 0.741137 ] -> [0.759133 0.741137 ]
[0.762402 0.634253 ] -> [0.762402 0.634253 ]
[0.763083 0.481896 ] -> [0.763083 0.481896 ]
[0.537050 0.606908 ] -> [0.537050 0.606908 ]
[0.562074 0.942335 ] -> [0.562074 0.942335 ]
[0.675032 0.939250 ] -> [0.675032 0.939250 ]
[0.732623 0.231309 ] -> [0.732623 0.231309 ]
[0.636229 0.138099 ] -> [0.636229 0.138099 ]
[0.575973 0.387062 ] -> [0.575973 0.387062 ]
[0.306617 0.582566 ] -> [0.306617 0.582566 ]
[0.513233 0.744565 ] -> [0.513233 0.744565 ]
[0.400961 0.838235 ] -> [0.400961 0.838235 ]
[0.579373 0.249418 ] -> [0.579373 0.249418 ]
[0.434118 0.557430 ] -> [0.434118 0.557430 ]
[0.490015 0.971167 ] -> [0.490015 0.971167 ]
[0.913503 0.839369 ] -> [0.913503 0.839369 ]
[0.991339 0.060073 ] -> [0.991339 0.060073 ]
[0.856022 0.723962 ] -> [0.856022 0.723962 ]
[0.862061 0.321912 ] -> [0.862061 0.321912 ]
[0.708974 0.550331 ] -> [0.708974 0.550331 ]
[0.581655 0.639815 ] -> [0.581655 0.639815 ]
[0.647934 0.465449 ] -> [0.647934 0.465449 ]
[0.933431 0.137948 ] -> [0.933431 0.137948 ]
[0.937138 0.181375 ] -> [0.937138 0.181375 ]
[0.410193 0.793160 ] -> [0.410193 0.793160 ]
[0.905338 0.701575 ] -> [0.905338 0.701575 ]
[0.285411 0.767399 ] -> [0.285411 0.767399 ]
[0.205433 0.732460 ] -> [0.205433 0.732460 ]
[0.954667 0.374353 ] -> [0.954667 0.374353 ]
[0.654925 0.187597 ] -> [0.654925 0.187597 ]
[0.605250 0.302858 ] -> [0.605250 0.302858 ]
[0.653047 0.538681 ] -> [0.653047 0.538681 ]
[0.636450 0.630843 ] -> [0.636450 0.630843 ]
[0.439783 0.573588 ] -> [0.439783 0.573588 ]
[0.812219 0.849976 ] -> [0.812219 0.849976 ]
[0.366748 0.717557 ] -> [0.366748 0.717557 ]
[0.551551 0.652159 ] -> [0.551551 0.652159 ]
[0.484956 0.575038 ] -> [0.484956 0.575038 ]
[0.181285 0.690388 ] -> [0.181285 0.690388 ]
[0.916422 0.262165 ] -> [0.916422 0.262165 ]
[0.635094 0.564016 ] -> [0.635094 0.564016 ]
[0.277275 0.791360 ] -> [0.277275 0.791360 ]
[0.793264 0.932200 ] -> [0.793264 0.932200 ]
[0.978958 0.398514 ] -> [0.978958 0.398514 ]
[0.881234 0.081359 ] -> [0.881234 0.081359 ]
[0.761371 0.080402 ] -> [0.761371 0.080402 ]
[0.679584 0.224251 ] -> [0.679584 0.224251 ]
[0.878873 0.076061 ] -> [0.878873 0.076061 ]
[0.914225 0.572550 ] -> [0.914225 0.572550 ]
[0.613765 0.376786 ] -> [0.613765 0.376786 ]
[0.802260 0.080821 ] -> [0.802260 0.080821 ]
[0.432011 0.543891 ] -> [0.432011 0.543891 ]
[0.818798 0.078483 ] -> [0.818798 0.078483 ]
[0.742812 0.532551 ] -> [0.742812 0.532551 ]
[0.351882 0.530363 ] -> [0.351882 0.530363 ]
[0.696262 0.399851 ] -> [0.696262 0.399851 ]
[0.680781 0.128903 ] -> [0.680781 0.128903 ]
[0.658426 0.149580 ] -> [0.658426 0.149580 ]
[0.334310 0.613496 ] -> [0.334310 0.613496 ]
[0.322354 0.575979 ] -> [0.322354 0.575979 ]
[0.327080 0.624613 ] -> [0.327080 0.624613 ]
[0.925505 0.065528 ] -> [0.925505 0.065528 ]
[0.283171 0.612437 ] -> [0.283171 0.612437 ]
[0.330142 0.623195 ] -> [0.330142 0.623195 ]
[0.190926 0.792212 ] -> [0.190926 0.792212 ]
[0.281487 0.742834 ] -> [0.281487 0.742834 ]
[0.610094 0.590553 ] -> [0.610094 0.590553 ]
[0.193822 0.746086 ] -> [0.193822 0.746086 ]
[0.291158 0.533854 ] -> [0.291158 0.533854 ]
[0.898461 0.063436 ] -> [0.898461 0.063436 ]
[0.923872 0.081748 ] -> [0.923872 0.081748 ]
[0.948209 0.564639 ] -> [0.948209 0.564639 ]
[0.633564 0.224358 ] -> [0.633564 0.224358 ]
[0.977143 0.058731 ] -> [0.977143 0.058731 ]
[0.634666 0.376937 ] -> [0.634666 0.376937 ]
[0.183249 0.695293 ] -> [0.183249 0.695293 ]
[0.733342 0.081495 ] -> [0.733342 0.081495 ]
[0.820481 0.080329 ] -> [0.820481 0.080329 ]
[0.729461 0.082096 ] -> [0.729461 0.082096 ]
[0.834512 0.077335 ] -> [0.834512 0.077335 ]
[0.948568 0.064457 ] -> [0.948568 0.064457 ]
[0.908918 0.242678 ] -> [0.908918 0.242678 ]
[0.988680 0.628589 ] -> [0.988680 0.628589 ]
[0.964944 0.060819 ] -> [0.964944 0.060819 ]
[0.950251 0.055113 ] -> [0.950251 0.055113 ]
[0.770600 0.079933 ] -> [0.770600 0.079933 ]
[0.185635 0.709205 ] -> [0.185635 0.709205 ]
[0.175879 0.720995 ] -> [0.175879 0.720995 ]
[0.620051 0.325727 ] -> [0.620051 0.325727 ]
[0.180602 0.757429 ] -> [0.180602 0.757429 ]
[0.868196 0.716293 ] -> [0.868196 0.716293 ]
[0.956685 0.059222 ] -> [0.956685 0.059222 ]
[0.839879 0.066574 ] -> [0.839879 0.066574 ]
[0.921228 0.056444 ] -> [0.921228 0.056444 ]
[0.189773 0.682674 ] -> [0.189773 0.682674 ]
[0.199283 0.717711 ] -> [0.199283 0.717711 ]
[0.721940 0.625186 ] -> [0.721940 0.625186 ]
[0.868454 0.070590 ] -> [0.868454 0.070590 ]
[0.261718 0.647173 ] -> [0.261718 0.647173 ]
[0.965652 0.060211 ] -> [0.965652 0.060211 ]
[0.272481 0.673608 ] -> [0.272481 0.673608 ]
[0.281398 0.627494 ] -> [0.281398 0.627494 ]
[0.270757 0.555371 ] -> [0.270757 0.555371 ]
[0.295814 0.519297 ] -> [0.295814 0.519297 ]
[0.268372 0.557987 ] -> [0.268372 0.557987 ]
[0.525849 0.484605 ] -> [0.525849 0.484605 ]
[0.184776 0.682361 ] -> [0.184776 0.682361 ]
[0.615919 0.746963 ] -> [0.615919 0.746963 ]
[0.158461 0.740214 ] -> [0.158461 0.740214 ]
[0.750628 0.789835 ] -> [0.750628 0.789835 ]
[0.577031 0.235472 ] -> [0.577031 0.235472 ]
[0.633163 0.379383 ] -> [0.633163 0.379383 ]
[0.547321 0.406385 ] -> [0.547321 0.406385 ]
[0.556685 0.356089 ] -> [0.556685 0.356089 ]
[0.659023 0.128595 ] -> [0.659023 0.128595 ]
[0.943455 0.586306 ] -> [0.943455 0.586306 ]
[0.769899 0.083430 ] -> [0.769899 0.083430 ]
[0.707255 0.132295 ] -> [0.707255 0.132295 ]
[0.874289 0.059535 ] -> [0.874289 0.059535 ]
[0.884660 0.056582 ] -> [0.884660 0.056582 ]
[0.974717 0.056987 ] -> [0.974717 0.056987 ]
[0.904419 0.068184 ] -> [0.904419 0.068184 ]
[0.922372 0.051795 ] -> [0.922372 0.051795 ]
[0.963811 0.057931 ] -> [0.963811 0.057931 ]
[0.973976 0.058079 ] -> [0.973976 0.058079 ]
[0.897162 0.056689 ] -> [0.897162 0.056689 ]
[0.838713 0.050987 ] -> [0.838713 0.050987 ]
[0.745583 0.081651 ] -> [0.745583 0.081651 ]
[0.825608 0.080851 ] -> [0.825608 0.080851 ]
[0.550606 0.409613 ] -> [0.550606 0.409613 ]
[0.829085 0.086277 ] -> [0.829085 0.086277 ]
[0.781880 0.053464 ] -> [0.781880 0.053464 ]
[0.257466 0.672214 ] -> [0.257466 0.672214 ]
[0.769084 0.081414 ] -> [0.769084 0.081414 ]
[0.241180 0.656578 ] -> [0.241180 0.656578 ]
[0.266356 0.648025 ] -> [0.266356 0.648025 ]
[0.251689 0.611056 ] -> [0.251689 0.611056 ]
[0.311499 0.484927 ] -> [0.311499 0.484927 ]
[0.152741 0.747563 ] -> [0.152741 0.747563 ]
[0.163544 0.806137 ] -> [0.163544 0.806137 ]
[0.148110 0.772974 ] -> [0.148110 0.772974 ]
[0.169128 0.701403 ] -> [0.169128 0.701403 ]
[0.649203 0.597420 ] -> [0.649203 0.597420 ]
[0.600736 0.205149 ] -> [0.600736 0.205149 ]
[0.536809 0.433760 ] -> [0.536809 0.433760 ]
[0.526030 0.439466 ] -> [0.526030 0.439466 ]
[0.552606 0.227041 ] -> [0.552606 0.227041 ]
[0.531403 0.485915 ] -> [0.531403 0.485915 ]
[0.566395 0.493882 ] -> [0.566395 0.493882 ]
[0.575762 0.410098 ] -> [0.575762 0.410098 ]
[0.506875 0.437702 ] -> [0.506875 0.437702 ]
[0.701893 0.383098 ] -> [0.701893 0.383098 ]
[0.259359 0.719533 ] -> [0.259359 0.719533 ]
[0.797740 0.054552 ] -> [0.797740 0.054552 ]
[0.510156 0.496393 ] -> [0.510156 0.496393 ]
[0.234664 0.606018 ] -> [0.234664 0.606018 ]
[0.497917 0.433868 ] -> [0.497917 0.433868 ]
[0.236603 0.658047 ] -> [0.236603 0.658047 ]
[0.567432 0.396001 ] -> [0.567432 0.396001 ]
[0.514232 0.385684 ] -> [0.514232 0.385684 ]
[0.625317 0.151286 ] -> [0.625317 0.151286 ]
[0.760319 0.088360 ] -> [0.760319 0.088360 ]
[0.912618 0.133590 ] -> [0.912618 0.133590 ]
[0.885133 0.416990 ] -> [0.885133 0.416990 ]
[0.810119 0.055837 ] -> [0.810119 0.055837 ]
[0.174615 0.716675 ] -> [0.174615 0.716675 ]
[0.811622 0.055171 ] -> [0.811622 0.055171 ]
[0.783317 0.047549 ] -> [0.783317 0.047549 ]
[0.813671 0.056161 ] -> [0.813671 0.056161 ]
[0.809539 0.050200 ] -> [0.809539 0.050200 ]
[0.786533 0.051349 ] -> [0.786533 0.051349 ]
[0.802049 0.844284 ] -> [0.802049 0.844284 ]
[0.811196 0.058227 ] -> [0.811196 0.058227 ]
[0.735644 0.751498 ] -> [0.735644 0.751498 ]
[0.852169 0.057127 ] -> [0.852169 0.057127 ]
[0.761530 0.057755 ] -> [0.761530 0.057755 ]
[0.150030 0.782950 ] -> [0.150030 0.782950 ]
[0.814653 0.769418 ] -> [0.814653 0.769418 ]
[0.781561 0.048556 ] -> [0.781561 0.048556 ]
[0.799244 0.051237 ] -> [0.799244 0.051237 ]
[0.810072 0.048786 ] -> [0.810072 0.048786 ]
[0.852119 0.043215 ] -> [0.852119 0.043215 ]
[0.173605 0.753658 ] -> [0.173605 0.753658 ]
[0.182748 0.739210 ] -> [0.182748 0.739210 ]
[0.163963 0.729353 ] -> [0.163963 0.729353 ]
[0.146246 0.747415 ] -> [0.146246 0.747415 ]
[0.493111 0.422115 ] -> [0.493111 0.422115 ]
[0.149846 0.771525 ] -> [0.149846 0.771525 ]
[0.564680 0.351527 ] -> [0.564680 0.351527 ]
[0.546629 0.384040 ] -> [0.546629 0.384040 ]
[0.549881 0.223847 ] -> [0.549881 0.223847 ]
[0.853542 0.045376 ] -> [0.853542 0.045376 ]
[0.156510 0.748831 ] -> [0.156510 0.748831 ]
[0.505188 0.723082 ] -> [0.505188 0.723082 ]
[0.166543 0.717360 ] -> [0.166543 0.717360 ]
[0.171598 0.740367 ] -> [0.171598 0.740367 ]
[0.616955 0.151962 ] -> [0.616955 0.151962 ]
[0.674343 0.161699 ] -> [0.674343 0.161699 ]
[0.628783 0.164366 ] -> [0.628783 0.164366 ]
[0.854768 0.044808 ] -> [0.854768 0.044808 ]
[0.843524 0.044345 ] -> [0.843524 0.044345 ]
[0.887516 0.059508 ] -> [0.887516 0.059508 ]
[0.863668 0.043944 ] -> [0.863668 0.043944 ]
[0.156221 0.726241 ] -> [0.156221 0.726241 ]
[0.147401 0.752195 ] -> [0.147401 0.752195 ]
[0.795287 0.087644 ] -> [0.795287 0.087644 ]
[0.838600 0.041352 ] -> [0.838600 0.041352 ]
[0.784031 0.057355 ] -> [0.784031 0.057355 ]
[0.294017 0.723076 ] -> [0.294017 0.723076 ]
[0.148576 0.808756 ] -> [0.148576 0.808756 ]
[0.144852 0.741026 ] -> [0.144852 0.741026 ]
[0.662960 0.126126 ] -> [0.662960 0.126126 ]
[0.654036 0.226416 ] -> [0.654036 0.226416 ]
[0.846913 0.122136 ] -> [0.846913 0.122136 ]
[0.297516 0.568328 ] -> [0.297516 0.568328 ]
[0.793762 0.052353 ] -> [0.793762 0.052353 ]
[0.859346 0.042993 ] -> [0.859346 0.042993 ]
[0.546031 0.394522 ] -> [0.546031 0.394522 ]
[0.275406 0.692770 ] -> [0.275406 0.692770 ]
[0.867312 0.042590 ] -> [0.867312 0.042590 ]
[0.827073 0.038707 ] -> [0.827073 0.038707 ]
[0.778201 0.061216 ] -> [0.778201 0.061216 ]
[0.185606 0.718610 ] -> [0.185606 0.718610 ]
[0.277459 0.566313 ] -> [0.277459 0.566313 ]
[0.827823 0.053974 ] -> [0.827823 0.053974 ]
[0.520682 0.396397 ] -> [0.520682 0.396397 ]
[0.725947 0.079631 ] -> [0.725947 0.079631 ]
[0.137552 0.760815 ] -> [0.137552 0.760815 ]
[0.478283 0.416525 ] -> [0.478283 0.416525 ]
[0.151408 0.767636 ] -> [0.151408 0.767636 ]
[0.816336 0.036166 ] -> [0.816336 0.036166 ]
[0.150349 0.788354 ] -> [0.150349 0.788354 ]
[0.180538 0.693816 ] -> [0.180538 0.693816 ]
[0.183804 0.699197 ] -> [0.183804 0.699197 ]
[0.288145 0.583605 ] -> [0.288145 0.583605 ]
[0.665715 0.648747 ] -> [0.665715 0.648747 ]
[0.801267 0.075943 ] -> [0.801267 0.075943 ]
[0.711263 0.135084 ] -> [0.711263 0.135084 ]
[0.283890 0.538428 ] -> [0.283890 0.538428 ]
[0.172448 0.715209 ] -> [0.172448 0.715209 ]
[0.769761 0.060254 ] -> [0.769761 0.060254 ]
[0.835110 0.787227 ] -> [0.835110 0.787227 ]
[0.843443 0.063336 ] -> [0.843443 0.063336 ]
[0.782763 0.062072 ] -> [0.782763 0.062072 ]
[0.136070 0.805039 ] -> [0.136070 0.805039 ]
[0.803528 0.683162 ] -> [0.803528 0.683162 ]
[0.798316 0.046346 ] -> [0.798316 0.046346 ]
[0.150367 0.783369 ] -> [0.150367 0.783369 ]
[0.232810 0.648524 ] -> [0.232810 0.648524 ]
[0.252153 0.646749 ] -> [0.252153 0.646749 ]
[0.215127 0.619925 ] -> [0.215127 0.619925 ]
[0.328686 0.470740 ] -> [0.328686 0.470740 ]
[0.196550 0.734763 ] -> [0.196550 0.734763 ]
[0.507992 0.397042 ] -> [0.507992 0.397042 ]
[0.501610 0.369281 ] -> [0.501610 0.369281 ]
[0.596859 0.190493 ] -> [0.596859 0.190493 ]
[0.539605 0.239782 ] -> [0.539605 0.239782 ]
[0.124287 0.778425 ] -> [0.124287 0.778425 ]
[0.529705 0.235051 ] -> [0.529705 0.235051 ]
[0.547144 0.225356 ] -> [0.547144 0.225356 ]
[0.147094 0.729319 ] -> [0.147094 0.729319 ]
[0.725822 0.083232 ] -> [0.725822 0.083232 ]
[0.704493 0.154386 ] -> [0.704493 0.154386 ]
[0.477224 0.446288 ] -> [0.477224 0.446288 ]
[0.892764 0.749698 ] -> [0.892764 0.749698 ]
[0.299056 0.576513 ] -> [0.299056 0.576513 ]
[0.890391 0.059016 ] -> [0.890391 0.059016 ]
[0.360200 0.747494 ] -> [0.360200 0.747494 ]
[0.134796 0.819144 ] -> [0.134796 0.819144 ]
[0.843364 0.037373 ] -> [0.843364 0.037373 ]
[0.765059 0.073439 ] -> [0.765059 0.073439 ]
[0.830972 0.036349 ] -> [0.830972 0.036349 ]
[0.705409 0.086891 ] -> [0.705409 0.086891 ]
[0.594445 0.580865 ] -> [0.594445 0.580865 ]
[0.866121 0.034738 ] -> [0.866121 0.034738 ]
[0.894986 0.034039 ] -> [0.894986 0.034039 ]
[0.758591 0.164676 ] -> [0.758591 0.164676 ]
[0.717634 0.114838 ] -> [0.717634 0.114838 ]
[0.511733 0.361202 ] -> [0.511733 0.361202 ]
[0.479901 0.397739 ] -> [0.479901 0.397739 ]
[0.909069 0.808409 ] -> [0.909069 0.808409 ]
[0.133040 0.785622 ] -> [0.133040 0.785622 ]
[0.115250 0.811380 ] -> [0.115250 0.811380 ]
[0.473238 0.336233 ] -> [0.473238 0.336233 ]
[0.130628 0.802029 ] -> [0.130628 0.802029 ]
[0.625223 0.836814 ] -> [0.625223 0.836814 ]
[0.861810 0.035590 ] -> [0.861810 0.035590 ]
[0.755598 0.086083 ] -> [0.755598 0.086083 ]
[0.653769 0.133532 ] -> [0.653769 0.133532 ]
[0.124869 0.785488 ] -> [0.124869 0.785488 ]
[0.949121 0.045070 ] -> [0.949121 0.045070 ]
[0.848033 0.035545 ] -> [0.848033 0.035545 ]
[0.937799 0.036321 ] -> [0.937799 0.036321 ]
[0.919423 0.036693 ] -> [0.919423 0.036693 ]
[0.890439 0.035890 ] -> [0.890439 0.035890 ]
[0.269146 0.581124 ] -> [0.269146 0.581124 ]
[0.907817 0.035783 ] -> [0.907817 0.035783 ]
[0.927779 0.037323 ] -> [0.927779 0.037323 ]
[0.903220 0.034413 ] -> [0.903220 0.034413 ]
[0.860374 0.398647 ] -> [0.860374 0.398647 ]
[0.290944 0.557381 ] -> [0.290944 0.557381 ]
[0.284016 0.543645 ] -> [0.284016 0.543645 ]
[0.111439 0.847159 ] -> [0.111439 0.847159 ]
[0.671736 0.571415 ] -> [0.671736 0.571415 ]
[0.812531 0.372028 ] -> [0.812531 0.372028 ]
[0.807248 0.037771 ] -> [0.807248 0.037771 ]
[0.220011 0.668152 ] -> [0.220011 0.668152 ]
[0.588167 0.853559 ] -> [0.588167 0.853559 ]
[0.118017 0.847402 ] -> [0.118017 0.847402 ]
[0.125479 0.874224 ] -> [0.125479 0.874224 ]
[0.123777 0.829011 ] -> [0.123777 0.829011 ]
[0.217504 0.798850 ] -> [0.217504 0.798850 ]
[0.104247 0.842733 ] -> [0.104247 0.842733 ]
[0.142877 0.770835 ] -> [0.142877 0.770835 ]
[0.767781 0.055855 ] -> [0.767781 0.055855 ]
[0.311206 0.484067 ] -> [0.311206 0.484067 ]
[0.604341 0.215573 ] -> [0.604341 0.215573 ]
[0.289824 0.674964 ] -> [0.289824 0.674964 ]
[0.267958 0.550683 ] -> [0.267958 0.550683 ]
[0.936448 0.493901 ] -> [0.936448 0.493901 ]
[0.899769 0.662953 ] -> [0.899769 0.662953 ]
[0.825316 0.036043 ] -> [0.825316 0.036043 ]
[0.872253 0.035811 ] -> [0.872253 0.035811 ]