0.636229 0.138099
0.181285 0.690388
0.291158 0.533854
0.295814 0.519297
0.184776 0.682361
0.659023 0.128595
0.169128 0.701403
0.234664 0.606018
0.625317 0.151286
0.783317 0.047549
0.761530 0.057755
0.781561 0.048556
0.549881 0.223847
0.166543 0.717360
0.616955 0.151962
0.156221 0.726241
0.144852 0.741026
0.662960 0.126126
0.725947 0.079631
0.137552 0.760815
0.816336 0.036166
0.180538 0.693816
0.283890 0.538428
0.798316 0.046346
0.215127 0.619925
0.328686 0.470740
0.596859 0.190493
0.124287 0.778425
0.529705 0.235051
0.547144 0.225356
0.147094 0.729319
0.725822 0.083232
0.705409 0.086891
0.866121 0.034738
0.894986 0.034039
0.115250 0.811380
0.473238 0.336233
0.653769 0.133532
0.848033 0.035545
0.807248 0.037771
0.104247 0.842733
0.767781 0.055855
0.311206 0.484067
0.267958 0.550683
0.825316 0.036043 