0.137496 0.753355
0.292350 0.543085
0.145770 0.752852
0.588795 0.241005
0.056261 0.995771
0.592809 0.212479
0.314764 0.488955
0.370932 0.423727
0.382166 0.413166
0.520230 0.258487
0.545404 0.248303
0.202858 0.641493
0.690921 0.102211
0.072295 0.879847
0.277128 0.548367
0.456613 0.340445
0.416218 0.405850
0.189358 0.658374
0.658619 0.134771
0.424367 0.351811
0.117967 0.857744
0.880565 0.020561
0.154962 0.746362
0.479877 0.289629
0.902947 0.010622
0.650020 0.171060
0.772058 0.064505
0.216285 0.619756
0.629657 0.180729
0.179955 0.674626
0.273574 0.585804
0.805443 0.054168 